
81 9 2147483647 2147483647 2147483647 2147483647 2147483647 2147483647 2147483647 2147483647 
50 49 2147483647 2147483647 2147483647 2147483647 2147483647 2147483647 2147483647 2147483647 
6421736 6421848 25 0 2147483647 2147483647 2147483647 2147483647 2147483647 2147483647 
1 1877535580 6421800 64 16 2147483647 2147483647 2147483647 2147483647 2147483647 
6421944 1877524654 6422136 2 81 16 4 2147483647 2147483647 2147483647 
15570312 1877535580 1878279748 1865597102 1878275086 64 36 0 2147483647 2147483647 
2 1878275082 1878275008 1878280468 2 12 121 25 2147483647 2147483647 
10 6422240 6421992 1877535580 4199120 4199120 6422008 49 2147483647 2147483647 
0 -1 1878280360 1878280360 6422024 1878139759 0 2 16 2147483647 
6422040 6422044 6422072 1878280360 1878278752 400 0 4199740 2 0 

66 106 57 32 57 16 41 65 16 0 
2 2 4 5 6 8 8 8 9 10 
1-2
3-4
5-6
7-8
9-9
10-10
